011000000000000000000000000000012000000000000000000000000000
001000000000000000000000000000012000000000000000000000000000
001000000000000000000000000000012000000000000000000000000000
001000000000000000000000000000012000000000000000000000000000
001000000000022000000000000000012000000000000000000000000000
001000000000022000000000000000012000000000000000000000000000
001000000000000000000000000000012000000000000000000000000000
001100000000000000000000000000012000000000000000000000000000
000010000000000000000000000000012000000000000000000000000000
000001000000000000000000000000012000000000000000000000000000
000001000000000000000000000000012000000000000000000000000000
000000111111000000000000000000012000000000000000000000000000
000000000000000000000000000000012000000000000000000000000000
000000000000000000000000000000012000000000000000000000000000
000000000000000000000000000000012000000000000000000000000000
000000000000000000000000000000012000000000000000000000000000
000000000000000000000000000000012000000000000000000000000000
000000000000000000000000000000012000000000000000000000000000
000000000000000000000000000000012000000000000000000000000000
000000000000000000000000000000012000000000000000000000000000
012000000000000000000000000000012000000000000000000000000000
000000000000000000000000000000012000000000000000000000000000
000000000000000000000000000000012000000000000000000000000000
000000000000000000000000000000012000000000000000000000000000
000000000000000000000000000000012000000000000000000000000000
000000000000000000000000000000012000000000000000000000000000
000000000000000000000000000000012000000000000000000000000000
000000000000000000000000000000012000000000000000000000000000
000000000000000000000000000000012000000000000000000000000000
000000000000000000000000000000012000000000000000000000000000
000000000000000000000000000000012000000000000000000000000000
000000000000000000000000000000012000000000000000000000000000
000000000000000000000000000000012000000000000000000000000000
000000000000000000000000000000012000000000000000000000000000
000000000000000000000000000000012000000000000000000000000000
000000000000000000000000000000012000000000000000000000000000
000000000000000000000000000000012000000000000000000000000000
000000000000000000000000000000012000000000000000000000000000
000000000000000000000000000000012000000000000000000000000000
000000000000000000000000000000012000000000000000000000000000