012000000000000000000000000000012000000000000000000000000000
000000000000040000000000030000012000000000000000000000000000
000003300003333330000033330000012000000000000000000000000000
000000000010600063333300000000012000000000000000000000000000
000000000010606660000000033300012000000000000000000000000000
000003330010666666666660300000012000000000000000000000000000
000033330330666666066060300000012000000000000000000000000000
000330033033600660666660300000012000000000000000000000000000
000300000633333333660000300000012000000000000000000000000000
000300000333633333000000300000012000000000000000000000000000
000330000336630600000000300000012000000000000000000000000000
000033000066000660000000300000012000000000000000000000000000
000030000000000000003303300000012000000000000000000000000000
000003333300333333333303000000012000000000000000000000000000
000000000333000000000333000000012000000000000000000000000000
000000000000000000000000000000012000000000000000000000000000
000000000000000000000000000000012000000000000000000000000000
000000000000000000000000000000012000000000000000000000000000
000000000000000000000000000000012000000000000000000000000000
000000000000000000000000000000012000000000000000000000000000
012000000000000000000000000000012000000000000000000000000000
000000000000000000000000000000012000000000000000000000000000
000000000000000000000000000000012000000000000000000000000000
000000000000000000000000000000012000000000000000000000000000
000000000000000000000000000000012000000000000000000000000000
000000000000000000000000000000012000000000000000000000000000
000000000000000000000000000000012000000000000000000000000000
000000000000000000000000000000012000000000000000000000000000
000000000000000000000000000000012000000000000000000000000000
000000000000000000000000000000012000000000000000000000000000
000000000000000000000000000000012000000000000000000000000000
000000000000000000000000000000012000000000000000000000000000
000000000000000000000000000000012000000000000000000000000000
000000000000000000000000000000012000000000000000000000000000
000000000000000000000000000000012000000000000000000000000000
000000000000000000000000000000012000000000000000000000000000
000000000000000000000000000000012000000000000000000000000000
000000000000000000000000000000012000000000000000000000000000
000000000000000000000000000000012000000000000000000000000000
00000000000000000000000000000001200000000000000000000000000
